2347
1063
1042
1268
564
219
791
1076
2437
1388
1249
2715
521
899
2523
247
2719
1248
1752
1948
1572
2654
832
1925
1033
1530
40
1025
559
79
2856
313
2769
2543
1966
1132
2305
1347
421
2291
2677
2191
2356
998
1500
1008
205
2484
1040
1219
798
1475
1490
1925
670
636
1552
2151
1007
1054
1680
2445
2811
629
633
839
2525
1135
221
952
2170
2911
1331
126
2811
1095
2861
1628
2538
394
1511
2202
2620
882
1530
118
1972
466
2705
891
366
2907
1304
1442
301
2667
2367
2914
1366
1182
348
713
995
2664
514
92
1446
807
2395
1514
1210
1409
1451
2182
1158
1135
1471
2067
957
1874
2672
406
782
249
2150
2323
1580
1008
625
1426
2319
1366
33
2370
2404
1754
2376
293
646
1777
2283
2233
186
1455
376
1162
733
424
2251
1812
1568
1938
1118
2635
399
1192
2450
4
587
2485
5
898
2954
1358
1605
2477
1589
384
2956
2758
2206
1307
2519
634
2544
1367
1078
993
2490
2731
2453
2722
1856
2638
706
2359
93
1167
1130
2918
828
2396
3000
441
2911
2514
1183
1933
2450
672
1851
1487
16
903
1762
2319
119
2270
2317
1071
2467
1889
2186
769
1486
125
13
1075
1492
1786
1894
1930
2589
1252
1816
2332
2622
257
1251
1742
2987
1350
2539
2339
1406
913
43
1838
453
521
1920
2729
1368
705
2623
1158
1187
2561
2123
1188
2211
2516
762
711
2702
917
496
269
2044
2293
2434
1019
1352
1385
1695
2019
1884
1137
766
1538
2535
820
662
1556
354
1514
227
1286
1258
1936
349
2512
1436
1627
227
1417
246
2810
1780
718
1078
2503
1744
2233
1275
439
580
1798
372
2708
1340
1724
1025
980
1562
1464
1122
2130
2056
1049
1183
1645
2211
96
2903
1906
859
2575
1395
1725
1507
1871
2651
627
26
2271
2667
1190
2949
1698
310
1992
2335
702
1221
2283
1842
804
2077
838
1502
148
2557
868
358
2189
686
2163
2591
2408
2
612
2645
1460
1235
28
348
2761
1662
200
433
2933
772
247
507
2850
1966
2973
2349
1634
197
962
717
1538
402
2748
2411
2926
510
1452
2508
2540
1814
1911
1382
313
1042
2890
1820
16
547
944
928
2986
2051
1938
2644
1266
73
2677
1538
748
1519
1682
2998
2948
389
2512
1202
746
225
1259
1259
1601
76
1301
2737
2809
1659
443
953
1132
1186
2319
157
2479
2660
213
2091
397
1514
2858
1092
685
963
2041
2781
1961
266
82
2714
1726
2796
2399
2805
1759
759
1439
1869
1256
2401
153
2564
470
557
1194
642
2918
43
822
2582
353
1347
1242
2263
196
957
2487
153
2394
1252
935
1291
678
638
2709
178
14
584
2163
204
2885
2172
1176
271
112
2625
806
2803
1041
703
1064
1750
2146
2721
1867
101
1695
2759
1429
2720
2827
1824
498
19
1176
405
1807
1372
1256
28
88
1388
2633
1641
2347
1839
2184
19
718
400
1407
2088
649
2343
2677
2671
2002
1411
1696
738
1504
460
1779
638
1269
1681
1170
2012
1167
2929
2142
1782
502
2507
2958
386
457
2224
128
2055
1793
700
1404
846
1832
2718
406
1982
2082
1927
2825
2843
614
477
2516
1783
1128
567
1470
275
2442
2067
1852
757
353
2741
2221
409
1471
1476
1338
1323
2977
971
1201
1955
328
2154
129
2503
2935
1170
2817
550
2931
315
86
50
2008
477
1348
93
2513
820
2549
507
1012
2334
257
2158
2786
1749
27
1967
741
1890
432
745
1871
619
2492
993
612
2293
2081
823
2649
530
2047
1017
1761
377
2532
2181
1259
1756
1769
1775
2710
2941
1116
2147
1848
1345
866
308
628
41
1975
1447
1481
1011
2850
418
978
1422
269
313
1303
2238
2655
1368
2505
965
2264
2340
1993
1183
1705
2455
1756
766
2281
2154
1056
2101
2217
503
1097
1621
1237
1397
205
2130
1859
1195
2258
990
2743
2871
2432
2971
99
1389
219
418
933
2409
2202
587
2823
743
2076
2246
2400
1118
189
926
1186
1076
1832
757
373
2417
804
141
2838
1410
2639
386
698
2418
1489
106
1970
2232
2476
2577
2999
1748
610
2494
959
172
2698
56
813
1273
2764
2983
989
2720
1472
570
225
374
2783
1413
2843
109
1770
1958
1971
1709
2887
1953
1757
580
938
1256
193
41
9
30
1758
1601
2047
2021
749
1212
46
2067
240
1980
911
797
258
2627
1089
2539
879
912
2438
2969
4
2288
2810
1229
591
1091
1471
1694
790
1999
2768
156
2230
607
1116
2344
1851
2305
1102
1699
977
2143
1320
1492
2169
1771
733
985
2472
2283
1545
794
1447
2621
1975
2447
1081
1882
376
2428
555
1602
692
2290
593
2557
1035
2559
962
1524
621
230
2841
118
680
2067
2425
29
1903
95
1483
2250
1380
134
1453
954
2711
375
146
619
229
2296
998
2490
278
370
2888
2128
1283
754
946
1318
369
2376
1338
417
2332
1230
292
1238
294
243
1356
892
1560
987
1892
1410
1373
600
2478
2767
1500
530
2487
1479
2430
2970
2100
2565
2710
2979
421
2546
1417
753
1036
1242
1735
915
1165
2479
2051
2702
539
2988
2423
1173
563
1517
387
2107
1587
849
2176
435
2134
272
2916
416
2595
1157
1497
2216
1041
2289
2868
2732
2121
2369
960
511
427
2015
457
1067
2349
1833
2687
2565
1789
789
102
2879
1066
880
2997
2978
1132
2726
1129
1865
824
2633
1515
2133
2942
1009
1198
1884
484
1564
2273
2680
909
1043
2524
2171
112
994
797
1507
2246
1694
369
1782
2738
737
2870
1502
448
2000
984
2604
1100
2993
2085
280
2727
465
509
2856
1766
1494
2612
993
833
931
568
1544
526
115
1126
241
469
2547
123
1214
2715
704
2193
235
1201
41
1238
305
1594
2863
1146
2649
1149
2162
83
1958
1791
2345
2294
879
691
1861
1102
1775
2536
1881
1627
2521
1012
1318
1577
2863
1641
910
1469
558
109
2300
193
647
2163
464
291
1209
101
80
2746
2653
1980
2822
1373
1024
2679
1361
2238
1664
116
1930
1867
1104
2565
2672
402
882
1680
220
1124
1194
210
1891
1455
210
927
1910
858
1518
2057
1469
1060
1581
2793
2910
1045
1726
1703
73
2105
1972
2004
2037
1338
2397
1908
966
2589
1706
550
556
2269
921
2171
1287
377
2528
147
1787
302
594
2180
1684
2679
480
2676
2847
2414
2484
1773
359
2913
1729
1030
68
154
427
1594
373
2238
2097
1790
2961
1955
1615
1344
2462
1387
282
2271
1163
1147
1282
713
2975
877
2596
2748
145
1658
1466
1026
120
2961
23
2402
210
956
1209
2576
194
850
194
2652
1148
1018
1291
1955
2965
987
1074
1150
2248
2052
2466
1668
718
2602
2148
1815
1889
387
1871
2839
1533
521
2298
2825
137
2975
859
1447
880
1132
794
875
521
1835
351
2785
2809
56
2922
142
2000
1972
710
2866
29
1527
1358
2947
2428
387
2862
2100
347
158
520
333
2522
1891
496
511
1373
1724
503
1150
61
308
2427
1755
1054
2127
2387
2621
324
1275
2178
1217
1220
2968
937
1027
1231
2801
1111
2337
2271
370
577
1735
2952
2495
150
1114
2670
2433
1904
2865
2347
945
1062
1481
1608
2122
1856
2878
2114
1465
2722
2230
2571
2282
1023
1811
1500
1221
2504
2362
2453
1680
259
1634
1834
973
2616
2036
952
855
1229
784
564
395
1417
2312
2023
1846
909
2230
690
2578
2081
289
903
1543
2927
598
922
1630
1207
1058
1401
1697
158
194
477
1342
901
204
351
2171
460
2481
2635
2204
1340
1633
1390
53
2731
2558
2744
947
2500
1468
640
1745
324
1418
1845
2204
1203
2746
239
915
2570
600
2973
1333
2113
175
2210
364
1946
1880
407
2144
1976
423
233
263
714
869
957
2108
2611
1563
2129
823
1979
1296
1061
1712
598
1510
1687
2366
1668
779
498
427
2791
1409
1987
1566
783
2190
2959
2460
2109
1250
2554
1981
2715
2608
2968
19
97
2435
1105
2496
1006
566
2889
2022
2335
2295
1678
1184
2275
2416
1127
2400
1048
1188
2543
2947
1724
958
2785
1818
1920
1512
2821
2951
2133
2081
1472
1772
220
1761
2186
1094
1979
2267
2159
210
554
1713
2401
2625
2364
109
2526
2955
1109
1280
2416
2951
1557
1748
2215
1283
188
897
1223
714
2174
881
1904
2379
2403
71
1148
873
922
335
2510
1413
434
860
2928
1566
2044
1235
1861
1869
2573
1118
2069
274
946
1874
1838
2589
547
1259
700
782
1769
316
2910
113
1154
1858
1882
1584
911
1544
2452
2929
2561
613
1552
2828
2930
1590
1372
2339
2911
729
1188
2119
104
2533
2035
2136
600
937
2407
2919
1309
2343
2094
1814
2121
1494
543
1426
1034
2354
868
1543
281
1398
424
1563
1336
928
665
1675
1986
2358
1242
889
798
277
580
2705
151
1090
2711
1648
1637
2520
2398
1143
228
2935
854
1908
2069
1441
996
1037
737
2740
16
2167
1866
1278
215
2184
745
2422
2805
584
2258
2832
2111
953
762
1536
2939
1224
796
1881
497
1170
2600
2162
1359
2899
712
1033
1183
567
1517
1810
816
2907
2767
1907
937
1754
2636
2462
1251
2634
939
1901
1787
1088
1132
836
2467
1045
2202
1118
2843
370
2985
590
2543
1893
1215
2617
2135
2291
2088
2699
154
2128
2374
2660
2788
226
1604
1774
1214
1720
1838
1019
1291
634
1278
2819
1555
836
1518
264
2195
2141
779
2049
2493
2703
760
106
2524
916
1054
1388
2964
12
798
70
501
1340
2655
2154
1543
1925
1369
752
2366
2889
594
2303
2536
2924
840
635
2085
2895
2447
828
2180
2235
2471
2679
499
2561
2056
1922
317
546
1712
1543
54
2232
921
2968
1486
2807
1556
1169
931
1307
997
2846
1862
1095
2996
1864
2301
1555
2931
429
1052
1880
1634
2653
500
1004
202
1569
1958
1990
1602
2308
1740
574
2126
577
311
1744
2490
671
2681
1693
788
1677
2386
1319
496
654
2309
1228
1006
1141
668
168
1858
1451
2680
2311
2923
2070
2552
1147
116
920
2908
21
1192
2090
1221
2561
1225
2207
2373
2020
2419
853
2383
1345
204
2458
2223
2084
2748
2260
1097
490
550
2665
90
486
451
2228
2276
955
1423
2771
848
1718
669
395
2168
885
526
1550
1719
2291
1264
2529
1284
47
1354
1690
1234
1071
2269
490
2899
277
101
1256
1027
981
41
1755
2613
1167
2419
1603
1928
2401
183
2359
2083
1032
2873
2196
674
95
2423
2031
1556
584
2223
106
305
1196
2122
2990
1870
2655
1619
2340
355
2818
449
1467
2648
2243
1418
401
1225
2913
462
1716
2479
265
1439
1563
327
852
1577
2834
1521
2365
1460
1836
2317
1688
1086
769
484
2136
1965
1153
1233
2617
326
1855
2163
1155
404
1285
2289
1270
2576
879
2230
1046
2037
1869
536
2442
1123
1080
2692
2008
710
2102
596
197
967
856
454
914
2982
2321
292
1544
1763
2055
2062
2691
46
709
2646
1239
208
217
2014
1082
203
599
1762
543
1296
1013
1333
754
305
2898
2143
419
2312
1344
1043
963
374
2422
451
982
1688
1614
2582
1680
2761
268
369
2119
1033
2895
175
243
1613
1774
940
2229
1859
2609
2121
1103
1714
2579
1457
152
1313
844
1444
250
1027
1080
1470
947
2941
1240
2904
2412
56
2855
1330
685
1948
2348
368
982
1865
1694
2486
2916
1735
1219
2802
2672
601
2890
2665
2085
2809
2543
2729
419
2317
2895
1735
456
1376
522
1194
1048
1636
257
1630
1515
1873
2989
723
1264
1301
2538
1987
2285
19
17
61
1926
231
2431
712
774
1993
2888
99
1466
391
246
906
479
2181
991
808
2751
2902
2397
2666
1000
1945
236
461
245
733
1138
2858
311
230
2160
104
127
827
2087
444
1354
54
1524
1893
1172
2458
1115
13
2119
1271
2443
164
2862
2150
1179
133
2860
1278
1893
1082
2108
1482
2449
2679
2452
768
1803
2795
2988
2926
1134
934
2617
698
1688
2169
1299
256
13
847
1032
1549
895
2890
679
1351
2995
1075
2751
2524
2862
1169
2101
1345
941
2082
2462
2372
365
381
2404
1861
1606
1803
1409
1592
1500
2650
2836
1723
814
668
2318
1486
106
349
2000
1212
1121
2867
1032
2768
1896
953
226
2629
639
1500
133
2490
2416
2564
2153
1547
689
1627
1638
1641
1120
2365
1654
376
2272
2447
573
2496
2487
564
1663
285
1243
2540
324
1103
118
2791
823
45
1142
872
740
2775
2040
1665
1838
2616
2663
2270
2229
2307
1690
98
392
2884
1220
1544
2316
2576
332
745
914
1068
118
1760
1933
1611
1504
210
2744
1158
2342
1519
673
834
1417
1547
2908
850
1236
1595
478
1813
1076
742
2746
178
2039
452
1563
982
2055
571
2317
215
2703
2602
1539
1063
2896
476
1899
2508
2131
2130
1914
935
1528
1123
2399
2872
1007
1816
2930
1737
460
26
161
2578
2326
2442
1306
988
134
19
816
1968
2838
211
1924
1152
993
2537
1690
1815
452
817
2815
490
539
130
462
1106
2090
1275
293
2444
2613
1210
419
106
2852
267
1386
2328
7
1242
1248
1054
2581
864
1148
1394
2106
900
2451
2399
927
2932
246
88
2969
2909
1614
596
1797
987
1779
1730
2305
2578
2192
2164
230
88
1373
2481
1800
1871
1997
1682
2677
24
1107
137
2989
2608
1253
2667
465
2456
1407
1313
877
504
2227
2809
440
2725
2764
2234
2114
1349
203
1518
2119
1433
2677
2126
2587
135
1387
2486
1499
1146
1250
950
919
2538
2137
2349
1529
945
2162
1444
1669
1250
1055
2803
2654
1397
750
1425
2190
1402
2373
355
608
2847
597
2484
2848
938
757
436
246
2074
2973
475
2042
51
690
341
1243
2155
1361
838
1799
142
2528
1105
2184
1272
782
2009
2176
1417
605
2117
246
480
2079
2946
2380
2335
2211
943
1441
1885
1640
1067
526
2549
602
992
343
1684
1613
488
24
1450
1066
1071
327
714
1915
1185
1271
2523
2629
2930
1792
2474
582
1542
2366
2727
1813
1219
2560
2333
759
2955
296
488
1902
1053
2034
124
506
1672
2105
2367
529
1705
768
2365
2965
1929
2859
436
366
2641
1070
2742
2422
630
2890
2411
2870
2067
2549
2029
1601
1607
2632
1847
530
1144
2443
2772
2712
539
1684
1830
566
1385
1546
127
2023
478
2270
2575
1290
1157
2325
1800
1050
2539
2718
777
485
2633
660
41
2964
2382
2807
2399
1604
2811
2043
2770
2929
2796
91
1798
625
1457
114
245
2892
2885
1713
1234
550
2564
2372
2170
2271
555
1247
216
495
1355
2867
885
2701
2787
2194
71
943
106
1792
51
1898
849
1445
2812
1752
1502
1714
1535
1872
1552
1273
1585
1963
2777
1075
2641
51
1338
71
2503
1907
520
2429
346
2668
326
1521
2487
1116
2645
2418
546
497
1054
794
2068
2389
819
2371
2827
1772
1840
2951
2195
774
1752
1868
824
2378
2255
1583
2350
2422
2717
1394
1804
81
73
2710
2687
342
2524
769
1233
596
361
1740
957
631
760
2022
2924
797
1759
1200
183
110
2215
2761
1440
1709
2978
1024
2392
120
2435
417
151
2250
176
2457
284
2147
1497
2905
468
2004
536
2554
826
2995
1638
570
1285
2829
562
1145
2747
2440
2958
1753
2019
248
764
820
2744
49
440
1634
1876
1230
1982
44
2804
1923
891
2302
503
2647
2840
1204
2018
996
2775
58
412
2949
2960
2462
2414
1890
2650
2263
2157
2390
2170
2107
1930
1433
592
1921
549
2397
2674
2537
604
1490
2713
1103
340
2071
1805
2934
1016
2431
1887
1774
1196
1581
2463
898
855
2053
2627
2075
774
2335
2747
1964
1861
2680
484
611
1887
1820
178
2918
2488
2856
2266
2304
2668
584
1484
1201
765
1865
974
833
663
229
761
271
141
765
261
1718
2992
2250
2579
1371
2655
423
191
2368
1226
2191
1234
82
935
1553
1842
2621
1061
2258
604
2844
731
541
2004
1807
689
1668
1469
2400
1590
1075
360
2894
1762
2637
221
1041
2731
1062
2183
1507
865
1925
250
591
493
302
744
73
2621
2449
1086
471
2252
1308
99
237
238
8
1248
1688
1372
310
2327
2152
14
847
2352
43
1994
1448
2163
1543
1522
2861
1573
335
2277
548
36
651
1589
708
2937
1434
1047
209
2891
1787
847
2755
1019
2826
1472
2504
1812
1625
1021
267
2834
2413
934
78
30
1888
2067
2780
539
30
2544
2843
2498
2465
1103
2801
2382
1742
1551
2157
2177
1278
2698
383
2012
785
1162
2565
261
713
94
478
426
82
2640
1441
1928
181
2853
2835
698
1151
2278
1344
2950
1038
749
2403
1623
2597
388
959
343
1483
1063
733
18
2282
2251
2992
2119
2528
2753
1794
1085
1396
492
1614
245
956
2490
1721
1119
1267
2969
2514
1866
2260
668
2561
822
1180
2103
736
1983
2742
864
2805
849
1423
2783
2506
1921
758
1674
2411
1913
633
2124
2504
1882
1986
1746
703
1688
1605
150
159
156
1947
1991
948
