2
4
4
5
7
8
9
12
13
13
13
14
14
16
16
16
17
18
19
19
19
19
19
21
23
24
24
26
26
27
28
28
29
29
30
30
30
33
36
40
41
41
41
41
41
43
43
43
44
45
46
46
47
49
50
51
51
51
53
54
54
56
56
56
58
61
61
68
70
71
71
71
73
73
73
73
76
78
79
80
81
82
82
82
83
86
88
88
88
90
91
92
93
93
94
95
95
96
97
98
99
99
99
101
101
101
102
104
104
106
106
106
106
106
106
109
109
109
110
112
112
113
114
115
116
116
118
118
118
118
119
120
120
123
124
125
126
127
127
128
129
130
133
133
134
134
135
137
137
141
141
142
142
145
146
147
148
150
150
151
151
152
153
153
154
154
156
156
157
158
158
159
161
164
168
172
175
175
176
178
178
178
181
183
183
186
188
189
191
193
193
194
194
194
196
197
197
200
202
203
203
204
204
204
205
205
208
209
210
210
210
210
210
211
213
215
215
216
217
219
219
220
220
221
221
225
225
226
226
227
227
228
229
229
230
230
230
231
233
235
236
237
238
239
240
241
243
243
245
245
245
246
246
246
246
246
247
247
248
249
250
250
256
257
257
257
258
259
261
261
263
264
265
266
267
267
268
269
269
271
271
272
274
275
277
277
278
280
281
282
284
285
289
291
292
292
293
293
294
296
301
302
302
305
305
305
308
308
310
310
311
311
313
313
313
315
316
317
324
324
324
326
326
327
327
328
332
333
335
335
340
341
342
343
343
346
347
348
348
349
349
351
351
353
353
354
355
355
358
359
360
361
364
365
366
366
368
369
369
369
370
370
370
372
373
373
374
374
375
376
376
376
377
377
381
383
384
386
386
387
387
387
388
389
391
392
394
395
395
397
399
400
401
402
402
404
405
406
406
407
409
412
416
417
417
418
418
419
419
419
421
421
423
423
424
424
426
427
427
427
429
432
433
434
435
436
436
439
440
440
441
443
444
448
449
451
451
452
452
453
454
456
457
457
460
460
460
461
462
462
464
465
465
466
468
469
470
471
475
476
477
477
477
478
478
478
479
480
480
484
484
484
485
486
488
488
490
490
490
492
493
495
496
496
496
497
497
498
498
499
500
501
502
503
503
503
504
506
507
507
509
510
511
511
514
520
520
521
521
521
521
522
526
526
526
529
530
530
530
536
536
539
539
539
539
541
543
543
546
546
547
547
548
549
550
550
550
550
554
555
555
556
557
558
559
562
563
564
564
564
566
566
567
567
568
570
570
571
573
574
577
577
580
580
580
582
584
584
584
584
587
587
590
591
591
592
593
594
594
596
596
596
597
598
598
599
600
600
600
601
602
604
604
605
607
608
610
611
612
612
613
614
619
619
621
625
625
627
628
629
630
631
633
633
634
634
635
636
638
638
639
640
642
646
647
649
651
654
660
662
663
665
668
668
668
669
670
671
672
673
674
678
679
680
685
685
686
689
689
690
690
691
692
698
698
698
700
700
702
703
703
704
705
706
708
709
710
710
711
712
712
713
713
713
714
714
714
717
718
718
718
723
729
731
733
733
733
733
736
737
737
738
740
741
742
743
744
745
745
745
746
748
749
749
750
752
753
754
754
757
757
757
758
759
759
760
760
761
762
762
764
765
765
766
766
768
768
769
769
769
772
774
774
774
777
779
779
782
782
782
783
784
785
788
789
790
791
794
794
794
796
797
797
797
798
798
798
804
804
806
807
808
813
814
816
816
817
819
820
820
820
822
822
823
823
823
824
824
826
827
828
828
832
833
833
834
836
836
838
838
839
840
844
846
847
847
847
848
849
849
849
850
850
852
853
854
855
855
856
858
859
859
860
864
864
865
866
868
868
869
872
873
875
877
877
879
879
879
880
880
881
882
882
885
885
889
891
891
892
895
897
898
898
899
900
901
903
903
906
909
909
910
911
911
912
913
914
914
915
915
916
917
919
920
921
921
922
922
926
927
927
928
928
931
931
933
934
934
935
935
935
937
937
937
938
938
939
940
941
943
943
944
945
945
946
946
947
947
948
950
952
952
953
953
953
954
955
956
956
957
957
957
957
958
959
959
960
962
962
963
963
965
966
967
971
973
974
977
978
980
981
982
982
982
984
985
987
987
987
988
989
990
991
992
993
993
993
993
994
995
996
996
997
998
998
1000
1004
1006
1006
1007
1007
1008
1008
1009
1011
1012
1012
1013
1016
1017
1018
1019
1019
1019
1021
1023
1024
1024
1025
1025
1026
1027
1027
1027
1030
1032
1032
1032
1033
1033
1033
1034
1035
1036
1037
1038
1040
1041
1041
1041
1042
1042
1043
1043
1045
1045
1046
1047
1048
1048
1049
1050
1052
1053
1054
1054
1054
1054
1054
1055
1056
1058
1060
1061
1061
1062
1062
1063
1063
1063
1064
1066
1066
1067
1067
1068
1070
1071
1071
1071
1074
1075
1075
1075
1075
1076
1076
1076
1078
1078
1080
1080
1081
1082
1082
1085
1086
1086
1088
1089
1090
1091
1092
1094
1095
1095
1097
1097
1100
1102
1102
1103
1103
1103
1103
1104
1105
1105
1106
1107
1109
1111
1114
1115
1116
1116
1116
1118
1118
1118
1118
1119
1120
1121
1122
1123
1123
1124
1126
1127
1128
1129
1130
1132
1132
1132
1132
1132
1134
1135
1135
1137
1138
1141
1142
1143
1144
1145
1146
1146
1147
1147
1148
1148
1148
1149
1150
1150
1151
1152
1153
1154
1155
1157
1157
1158
1158
1158
1162
1162
1163
1165
1167
1167
1167
1169
1169
1170
1170
1170
1172
1173
1176
1176
1179
1180
1182
1183
1183
1183
1183
1184
1185
1186
1186
1187
1188
1188
1188
1190
1192
1192
1194
1194
1194
1195
1196
1196
1198
1200
1201
1201
1201
1202
1203
1204
1207
1209
1209
1210
1210
1212
1212
1214
1214
1215
1217
1219
1219
1219
1220
1220
1221
1221
1221
1223
1224
1225
1225
1226
1228
1229
1229
1230
1230
1231
1233
1233
1234
1234
1234
1235
1235
1236
1237
1238
1238
1239
1240
1242
1242
1242
1242
1243
1243
1247
1248
1248
1248
1249
1250
1250
1250
1251
1251
1252
1252
1253
1256
1256
1256
1256
1258
1259
1259
1259
1259
1264
1264
1266
1267
1268
1269
1270
1271
1271
1272
1273
1273
1275
1275
1275
1278
1278
1278
1278
1280
1282
1283
1283
1284
1285
1285
1286
1287
1290
1291
1291
1291
1296
1296
1299
1301
1301
1303
1304
1306
1307
1307
1308
1309
1313
1313
1318
1318
1319
1320
1323
1330
1331
1333
1333
1336
1338
1338
1338
1338
1340
1340
1340
1342
1344
1344
1344
1345
1345
1345
1347
1347
1348
1349
1350
1351
1352
1354
1354
1355
1356
1358
1358
1359
1361
1361
1366
1366
1367
1368
1368
1369
1371
1372
1372
1372
1373
1373
1373
1373
1376
1380
1382
1385
1385
1386
1387
1387
1388
1388
1388
1389
1390
1394
1394
1395
1396
1397
1397
1398
1401
1402
1404
1406
1407
1407
1409
1409
1409
1410
1410
1411
1413
1413
1417
1417
1417
1417
1417
1418
1418
1422
1423
1423
1425
1426
1426
1429
1433
1433
1434
1436
1439
1439
1440
1441
1441
1441
1442
1444
1444
1445
1446
1447
1447
1447
1448
1450
1451
1451
1452
1453
1455
1455
1457
1457
1460
1460
1464
1465
1466
1466
1467
1468
1469
1469
1469
1470
1470
1471
1471
1471
1472
1472
1472
1475
1476
1479
1481
1481
1482
1483
1483
1484
1486
1486
1486
1487
1489
1490
1490
1492
1492
1494
1494
1497
1497
1499
1500
1500
1500
1500
1500
1502
1502
1502
1504
1504
1507
1507
1507
1510
1511
1512
1514
1514
1514
1515
1515
1517
1517
1518
1518
1518
1519
1519
1521
1521
1522
1524
1524
1527
1528
1529
1530
1530
1533
1535
1536
1538
1538
1538
1539
1542
1543
1543
1543
1543
1543
1544
1544
1544
1544
1545
1546
1547
1547
1549
1550
1551
1552
1552
1552
1553
1555
1555
1556
1556
1556
1557
1560
1562
1563
1563
1563
1563
1564
1566
1566
1568
1569
1572
1573
1577
1577
1580
1581
1581
1583
1584
1585
1587
1589
1589
1590
1590
1592
1594
1594
1595
1601
1601
1601
1602
1602
1603
1604
1604
1605
1605
1606
1607
1608
1611
1613
1613
1614
1614
1614
1615
1619
1621
1623
1625
1627
1627
1627
1628
1630
1630
1633
1634
1634
1634
1634
1636
1637
1638
1638
1640
1641
1641
1641
1645
1648
1654
1658
1659
1662
1663
1664
1665
1668
1668
1668
1669
1672
1674
1675
1677
1678
1680
1680
1680
1680
1681
1682
1682
1684
1684
1684
1687
1688
1688
1688
1688
1688
1690
1690
1690
1693
1694
1694
1694
1695
1695
1696
1697
1698
1699
1703
1705
1705
1706
1709
1709
1712
1712
1713
1713
1714
1714
1716
1718
1718
1719
1720
1721
1723
1724
1724
1724
1725
1726
1726
1729
1730
1735
1735
1735
1735
1737
1740
1740
1742
1742
1744
1744
1745
1746
1748
1748
1749
1750
1752
1752
1752
1753
1754
1754
1755
1755
1756
1756
1757
1758
1759
1759
1760
1761
1761
1762
1762
1762
1763
1766
1769
1769
1770
1771
1772
1772
1773
1774
1774
1774
1775
1775
1777
1779
1779
1780
1782
1782
1783
1786
1787
1787
1787
1789
1790
1791
1792
1792
1793
1794
1797
1798
1798
1799
1800
1800
1803
1803
1804
1805
1807
1807
1810
1811
1812
1812
1813
1813
1814
1814
1815
1815
1816
1816
1818
1820
1820
1824
1830
1832
1832
1833
1834
1835
1836
1838
1838
1838
1838
1839
1840
1842
1842
1845
1846
1847
1848
1851
1851
1852
1855
1856
1856
1858
1858
1859
1859
1861
1861
1861
1861
1862
1864
1865
1865
1865
1866
1866
1867
1867
1868
1869
1869
1869
1870
1871
1871
1871
1871
1872
1873
1874
1874
1876
1880
1880
1881
1881
1882
1882
1882
1884
1884
1885
1887
1887
1888
1889
1889
1890
1890
1891
1891
1892
1893
1893
1893
1894
1896
1898
1899
1901
1902
1903
1904
1904
1906
1907
1907
1908
1908
1910
1911
1913
1914
1915
1920
1920
1921
1921
1922
1923
1924
1925
1925
1925
1925
1926
1927
1928
1928
1929
1930
1930
1930
1933
1933
1936
1938
1938
1945
1946
1947
1948
1948
1953
1955
1955
1955
1958
1958
1958
1961
1963
1964
1965
1966
1966
1967
1968
1970
1971
1972
1972
1972
1975
1975
1976
1979
1979
1980
1980
1981
1982
1982
1983
1986
1986
1987
1987
1990
1991
1992
1993
1993
1994
1997
1999
2000
2000
2000
2002
2004
2004
2004
2008
2008
2009
2012
2012
2014
2015
2018
2019
2019
2020
2021
2022
2022
2023
2023
2029
2031
2034
2035
2036
2037
2037
2039
2040
2041
2042
2043
2044
2044
2047
2047
2049
2051
2051
2052
2053
2055
2055
2055
2056
2056
2057
2062
2067
2067
2067
2067
2067
2067
2068
2069
2069
2070
2071
2074
2075
2076
2077
2079
2081
2081
2081
2082
2082
2083
2084
2085
2085
2085
2087
2088
2088
2090
2090
2091
2094
2097
2100
2100
2101
2101
2102
2103
2105
2105
2106
2107
2107
2108
2108
2109
2111
2113
2114
2114
2117
2119
2119
2119
2119
2119
2121
2121
2121
2122
2122
2123
2124
2126
2126
2127
2128
2128
2129
2130
2130
2130
2131
2133
2133
2134
2135
2136
2136
2137
2141
2142
2143
2143
2144
2146
2147
2147
2148
2150
2150
2151
2152
2153
2154
2154
2154
2155
2157
2157
2158
2159
2160
2162
2162
2162
2163
2163
2163
2163
2163
2164
2167
2168
2169
2169
2170
2170
2170
2171
2171
2171
2172
2174
2176
2176
2177
2178
2180
2180
2181
2181
2182
2183
2184
2184
2184
2186
2186
2189
2190
2190
2191
2191
2192
2193
2194
2195
2195
2196
2202
2202
2202
2204
2204
2206
2207
2210
2211
2211
2211
2215
2215
2216
2217
2221
2223
2223
2224
2227
2228
2229
2229
2230
2230
2230
2230
2232
2232
2233
2233
2234
2235
2238
2238
2238
2243
2246
2246
2248
2250
2250
2250
2251
2251
2252
2255
2258
2258
2258
2260
2260
2263
2263
2264
2266
2267
2269
2269
2270
2270
2270
2271
2271
2271
2271
2272
2273
2275
2276
2277
2278
2281
2282
2282
2283
2283
2283
2285
2288
2289
2289
2290
2291
2291
2291
2293
2293
2294
2295
2296
2298
2300
2301
2302
2303
2304
2305
2305
2305
2307
2308
2309
2311
2312
2312
2316
2317
2317
2317
2317
2318
2319
2319
2319
2321
2323
2325
2326
2327
2328
2332
2332
2333
2334
2335
2335
2335
2335
2337
2339
2339
2340
2340
2342
2343
2343
2344
2345
2347
2347
2347
2348
2349
2349
2349
2350
2352
2354
2356
2358
2359
2359
2362
2364
2365
2365
2365
2366
2366
2366
2367
2367
2368
2369
2370
2371
2372
2372
2373
2373
2374
2376
2376
2378
2379
2380
2382
2382
2383
2386
2387
2389
2390
2392
2394
2395
2396
2397
2397
2397
2398
2399
2399
2399
2399
2400
2400
2400
2401
2401
2401
2402
2403
2403
2404
2404
2407
2408
2409
2411
2411
2411
2412
2413
2414
2414
2416
2416
2416
2417
2418
2418
2419
2419
2422
2422
2422
2422
2423
2423
2425
2427
2428
2428
2429
2430
2431
2431
2432
2433
2434
2435
2435
2437
2438
2440
2442
2442
2442
2443
2443
2444
2445
2447
2447
2447
2449
2449
2450
2450
2451
2452
2452
2453
2453
2455
2456
2457
2458
2458
2460
2462
2462
2462
2462
2463
2465
2466
2467
2467
2471
2472
2474
2476
2477
2478
2479
2479
2479
2481
2481
2484
2484
2484
2485
2486
2486
2487
2487
2487
2487
2488
2490
2490
2490
2490
2490
2492
2493
2494
2495
2496
2496
2498
2500
2503
2503
2503
2504
2504
2504
2505
2506
2507
2508
2508
2510
2512
2512
2513
2514
2514
2516
2516
2519
2520
2521
2522
2523
2523
2524
2524
2524
2524
2525
2526
2528
2528
2528
2529
2532
2533
2535
2536
2536
2537
2537
2538
2538
2538
2539
2539
2539
2540
2540
2543
2543
2543
2543
2544
2544
2546
2547
2549
2549
2549
2552
2554
2554
2557
2557
2558
2559
2560
2561
2561
2561
2561
2561
2564
2564
2564
2565
2565
2565
2565
2570
2571
2573
2575
2575
2576
2576
2576
2577
2578
2578
2578
2579
2579
2581
2582
2582
2587
2589
2589
2589
2591
2595
2596
2597
2600
2602
2602
2604
2608
2608
2609
2611
2612
2613
2613
2616
2616
2617
2617
2617
2620
2621
2621
2621
2621
2622
2623
2625
2625
2627
2627
2629
2629
2632
2633
2633
2633
2634
2635
2635
2636
2637
2638
2639
2640
2641
2641
2644
2645
2645
2646
2647
2648
2649
2649
2650
2650
2651
2652
2653
2653
2654
2654
2655
2655
2655
2655
2660
2660
2663
2664
2665
2665
2666
2667
2667
2667
2668
2668
2670
2671
2672
2672
2672
2674
2676
2677
2677
2677
2677
2677
2679
2679
2679
2679
2680
2680
2680
2681
2687
2687
2691
2692
2698
2698
2699
2701
2702
2702
2703
2703
2705
2705
2708
2709
2710
2710
2710
2711
2711
2712
2713
2714
2715
2715
2715
2717
2718
2718
2719
2720
2720
2721
2722
2722
2725
2726
2727
2727
2729
2729
2731
2731
2731
2732
2737
2738
2740
2741
2742
2742
2743
2744
2744
2744
2746
2746
2746
2747
2747
2748
2748
2748
2751
2751
2753
2755
2758
2759
2761
2761
2761
2764
2764
2767
2767
2768
2768
2769
2770
2771
2772
2775
2775
2777
2780
2781
2783
2783
2785
2785
2786
2787
2788
2791
2791
2793
2795
2796
2796
2801
2801
2802
2803
2803
2804
2805
2805
2805
2807
2807
2809
2809
2809
2809
2810
2810
2811
2811
2811
2812
2815
2817
2818
2819
2821
2822
2823
2825
2825
2826
2827
2827
2828
2829
2832
2834
2834
2835
2836
2838
2838
2839
2840
2841
2843
2843
2843
2843
2844
2846
2847
2847
2848
2850
2850
2852
2853
2855
2856
2856
2856
2858
2858
2859
2860
2861
2861
2862
2862
2862
2863
2863
2865
2866
2867
2867
2868
2870
2870
2871
2872
2873
2878
2879
2884
2885
2885
2887
2888
2888
2889
2889
2890
2890
2890
2890
2891
2892
2894
2895
2895
2895
2896
2898
2899
2899
2902
2903
2904
2905
2907
2907
2908
2908
2909
2910
2910
2911
2911
2911
2913
2913
2914
2916
2916
2918
2918
2918
2919
2922
2923
2924
2924
2926
2926
2927
2928
2929
2929
2929
2930
2930
2930
2931
2931
2932
2933
2934
2935
2935
2937
2939
2941
2941
2942
2946
2947
2947
2948
2949
2949
2950
2951
2951
2951
2952
2954
2955
2955
2956
2958
2958
2959
2960
2961
2961
2964
2964
2965
2965
2968
2968
2968
2969
2969
2969
2970
2971
2973
2973
2973
2975
2975
2977
2978
2978
2979
2982
2983
2985
2986
2987
2988
2988
2989
2989
2990
2992
2992
2993
2995
2995
2996
2997
2998
2999
3000
